场景1：33(2), 42(2), 18(4)
场景2：1(3), 9(2), 7(3)
场景3：10(3), 40(3)
场景4：30(4), 47(2)
场景5：47(3), 16(2), 44(2), 34(3)
场景6：32(2), 10(2), 37(2)
场景7：2(3), 46(2), 4(2), 19(3)
场景8：26(4), 24(2), 30(2)
场景9：2(2), 34(2), 4(2), 21(2)
场景10：50(2), 17(3), 38(3)
场景11：9(3), 12(3), 36(2), 6(2), 20(2)
场景12：7(2), 26(4), 35(2)
场景13：12(3), 33(3), 16(3), 38(3)
场景14：14(2), 41(2), 36(4)
场景15：45(4), 23(1), 39(1)
场景16：50(2), 1(2)
场景17：15(2), 22(4), 37(2)
场景18：32(2), 6(2), 35(3), 5(3)
场景19：25(2), 39(2), 19(2)
场景20：3(2), 24(2), 8(3), 42(3)
场景21：40(3), 28(2), 31(2), 23(3)
场景22：28(3), 46(2), 17(3)
场景23：48(3), 15(3), 20(2), 18(2), 43(2)
场景24：25(2), 29(2), 27(2), 14(2)
场景25：45(3), 13(3), 5(3)
场景26：49(4), 22(4), 11(4)
场景27：43(2), 3(2), 8(3), 27(3)
场景28：13(2), 11(4), 24(2)
场景29：41(4), 48(2), 29(4), 44(2)
场景30：49(3), 31(2), 8(2), 21(3)
