场景1：1(3),5(2),12(2)
场景2：2(3),8(3)
场景3：3(3),9(3),17(2)
场景4：4(3),11(3)
场景5：15(2),21(2),6(3)
场景6：7(3),19(2),28(2)
场景7：10(3),18(2),25(2)
场景8：13(3),23(2),30(2)
场景9：32(2),24(2),14(3)
场景10：33(3),16(3)
场景11：20(3),27(2),35(2)
场景12：22(3),29(2),28(2)
场景13：40(2),31(2),26(3)
场景14：48(2),43(2),34(3)
场景15：36(3),41(2),49(2)
场景16：37(3),44(3)
场景17：39(3),45(3)
场景18：42(3),47(3)
场景19：46(3),50(3)
场景20：5(2),7(2),12(2),16(1),18(1)
场景21：1(2),22(2),23(2),24(1),25(1)
场景22：4(2),2(2),9(2),31(1),33(1)
场景23：3(2),6(2),8(2),15(1),21(1)
场景24：10(2),17(2),27(2),30(1),35(1)
场景25：11(2),19(2),25(2),29(1),38(1)
场景26：13(2),20(2),28(2),32(1),40(1)
场景27：14(2),26(2),32(2),42(1),47(1)
场景28：16(2),29(2),33(2),37(1),41(1)
场景29：34(2),36(2),40(2),45(1),49(1)
场景30：35(2),39(2),41(2),46(1),50(1)
